4294967279,11
4294967279,10
4294967278,132
4294967278,335
4294967278,131
4294967278,130
4294967278,256
4294967278,129
4294967278,128
4294967278,127
4294967278,126
4294967278,125
4294967278,382
4294967278,124
4294967278,123
4294967278,122
4294967278,121
4294967278,120
4294967278,387
4294967278,119
4294967278,245
4294967278,118
4294967278,243
4294967278,117
4294967278,116
4294967278,369
4294967278,115
4294967278,114
4294967278,113
4294967278,112
4294967278,111
4294967278,110
4294967278,109
4294967278,227
4294967278,108
4294967278,225
4294967278,107
4294967278,106
4294967278,398
4294967278,105
4294967278,104
4294967278,103
4294967278,102
4294967278,101
4294967278,100
4294967278,99
4294967278,98
4294967278,97
4294967278,394
4294967278,96
4294967278,95
4294967278,379
4294967278,94
4294967278,365
4294967278,93
4294967278,92
4294967278,327
4294967278,91
4294967278,90
4294967278,89
4294967278,325
4294967278,87
4294967278,86
4294967278,85
4294967278,84
4294967278,83
4294967278,82
4294967278,323
4294967278,81
4294967278,80
4294967278,349
4294967278,79
4294967278,386
4294967278,78
4294967278,77
4294967278,322
4294967278,76
4294967278,75
4294967278,74
4294967278,73
4294967278,72
4294967278,71
4294967278,320
4294967278,70
4294967278,319
4294967278,69
4294967278,318
4294967278,68
4294967278,317
4294967278,67
4294967278,66
4294967278,64
4294967278,260
4294967278,347
4294967279,84
4294967279,82
4294967279,81
4294967279,79
4294967279,544
4294967279,77
4294967279,74
4294967279,72
4294967279,68
4294967279,67
4294967279,65
4294967279,61
4294967279,572
4294967279,57
4294967279,54
4294967279,51
4294967279,49
4294967279,48
4294967279,47
4294967279,46
4294967279,45
4294967279,44
4294967279,535
4294967279,43
4294967279,42
4294967279,40
4294967279,32
4294967279,31
4294967279,26
4294967279,23
4294967279,22
4294967279,21
4294967279,266
4294967279,14
4294967279,13
4294967279,531
4294967279,530
4294967279,9
4294967279,529
4294967279,8
4294967279,274
4294967279,7
4294967279,6
4294967279,5
4294967279,4
4294967278,65
4294967278,315
4294967279,335
4294967278,63
4294967278,314
4294967278,286
4294967278,62
4294967279,62
4294967279,305
4294967279,172
4294967279,334
4294967279,0
4294967279,60
4294967279,170
179,6
179,5
4294967279,168
179,4
179,3
179,2
179,1
4294967279,167
4294967294,50
4294967294,9
4294967294,7
4294967294,22
4294967279,164
4294967294,129
4294967279,162
4294967279,41
4294967279,290
4294967294,418
4294967294,472
4294967294,470
4294967278,404
4294967278,0
4294967279,38
4294967279,149
4294967279,534
4294967294,1
4294967294,2
4294967279,36
4294967279,147
4294967279,288
4294967294,89
176,6
176,5
176,4
176,3
176,2
176,1
4294967279,29
4294967279,294
4294967294,81
4294967279,27
4294967279,25
4294967279,136
4294967279,271
4294967279,269
4294967279,279
4294967294,435
4294967294,128
4294967294,185
4294967279,570
4294967279,276
4294967279,273
0,5
0,7
4294967294,150
4294967294,46
4294967294,0
4294967294,198
4294967294,6
4294967294,17
4294967294,67
4294967294,76
4294967279,15
4294967294,5
4294967294,92
4294967294,88
4294967294,85
4294967294,1414
4294967294,28
4294967294,1015
4294967294,27
4294967294,471
4294967294,25
4294967294,146
4294967294,26
4294967294,52
4294967294,426
4294967294,44
4294967294,42
4294967294,39
4294967294,36
4294967294,82
4294967294,96
4294967294,94
4294967294,93
4294967294,95
4294967294,8
173,6
173,5
173,4
173,3
173,2
173,1
4294967278,403
4294967279,333
4294967279,332
170,6
170,5
170,4
170,3
170,2
170,1
4294967279,331
4294967279,559
167,5
167,4
167,3
167,2
167,1
4294967294,204
4294967294,1418
165,6
165,5
165,4
165,3
165,2
165,1
4294967279,330
162,4
162,3
162,2
162,1
161,6
161,5
161,4
161,3
161,2
161,1
160,5
160,4
160,3
160,2
160,1
4294967278,402
159,5
159,4
159,3
159,2
159,1
158,5
158,4
158,3
158,2
158,1
157,4
157,3
157,2
157,1
4294967278,283
4294967278,401
4294967279,329
4294967278,400
4294967278,282
4294967279,328
4294967293,131
4294967293,130
4294967293,129
4294967293,128
4294967293,127
4294967293,126
4294967293,125
4294967293,124
4294967293,123
4294967293,122
4294967293,121
4294967293,120
4294967293,119
4294967293,118
4294967293,117
4294967293,116
4294967293,115
4294967293,114
4294967293,113
4294967293,112
4294967293,111
4294967293,110
4294967293,109
4294967293,108
4294967293,107
4294967293,106
4294967293,105
4294967293,104
4294967293,103
4294967293,102
4294967293,101
4294967293,100
4294967293,99
4294967293,98
4294967293,97
4294967293,96
